04003501
11020300
11014700
73015700
73013300
29006100
40006300
21008500
18002000
61006400
77002300
32006900
03050600
11012000
58011900
47000200
18003800
86027900
01014200
21010600
21007900
47004901
21024500
29007100
86022700
56047500
01014700
29003600
53002800
56078100
21029100
47003800
86005300
86019900
56019100
73013800
73003700
13003201
69068400
86028900
86013401
10000900
11028300
01009900
13008300
47009500
04013500
21007600
66003900
65000200
02000300
38004700
73005500
13002800
21005200
01012300
04014000
03001700
21024200
86025100
86029300
29007700
01009600
47006800
77018100
31085200
11031100
43008400
47013402
73010600
01009300
75002400
02002600
69048900
09003200
29008600
61006700
47011900
86026300
21026400
01017800
29007800
16022800
29025400
58012300
11050500
61011100
65000600
69049000
26028200
86011400
02000600
29004800
21010800
21005400
06013800
62006100
58004800
01011500
29025600
29015000
69004100
01008900
29025000
71006700
03001000
61002300
16002900
33000900
77002700
73011700
27003100
43001200
29009200
71014600
58013800
07009800
01016100
62005600
29031300
01000100
83003600
01006900
34020800
30007200
09002900
18015500
61012200
01010200
29018400
29009300
69064600
80003700
29014200
71014100
60002700
10004400
47005000
73011800
27001600
04013202
29014300
08001100
13006800
69069000
01017000
38071500
69011400
60020200
35000300
77016400
21007300
29024900
38006600
15001000
21015100
29017800
21019900
86022900
77015400
71001300
61006600
27011101
27011800
31083200
08004500
09004100
19002700
73007600
10000200
77000700
21014000
47006200
21021200
38065900
09000800
17000700
38040600
31015400
86007300
21009000
73012300
31073900
21018900
38074400
10004800
86014600
16067300
11029200
14000400
77003500
01003400
46002000
29009100
21010300
69068200
21016200
49014000
86017800
31054000
73012800
29030900
29002500
73010200
01005800
62007800
29008500
71006900
30002200
21021300
73015600
10004100
21009400
21008100
31018300
77014900
73008300
31012400
01009100
77010500
21004900
61002900
21015000
41006700
58013700
21034300
86004100
73006400
49013300
27014900
86005100
04033100
68000400
14003000
49002400
86028400
61016200
86028200
46003400
01004600
77003400
29021500
31078200
31065400
01003600
26004000
73008800
86010700
71014700
87018000
86023000
21004100
69002800
21021600
86016800
26002000
77016000
71005700
17002200
73001400
82010400
73008600
86028100
71014500
21005500
69005400
73017200
86011900
05000700
77008800
73024100
18052300
55002200
86004600
26004600
09004400
73008900
09001000
86023800
09006001
86000900
77001000
86010300
86026400
73008700
58011100
71012300
01017100
21019700
70034300
77002900
01007400
36000900
01018100
73008200
73012500
38002600
82002300
61014900
38070900
36001900
16015500
38027200
19026700
03038100
69069100
16062900
69019000
38022000
38021900
04012000
04011100
04013002
04004900
29015600
31071900
15001600
29007500
29015100
29024200
29014600
11006200
69051100
01003300
56091500
56038300
01020900
26000200
21012300
21005700
33002800
21005600
21014400
21009200
21025700
58014200
78002500
61007800
61013000
06015200
61018000
61000600
13004100
34007900
34004400
62000200
82016700
47004600
40003100
08002600
07007900
32005707
24001400
03010700
03035900
03019500
11041500
16034800
48000200
51004600
69069300
69084500
73020002
77021500
81009501
86023300
06000100
49007900
11041300
18008800
49001600
49013700
49012700
86009000
77008400
29016100
25000100
58006700
69037300
69069400
05001300
02004200
21014500
27013300
31085700
77015000
86025200